
% Table created by stargazer v.5.2.2 by Marek Hlavac, Harvard University. E-mail: hlavac at fas.harvard.edu
% Date and time: Mo, Sep 20, 2021 - 18:02:45
\begin{table}[!htbp] \centering 
  \caption{Covariance Matrix $ X $} 
  \label{tab_covariance_X} 
\begin{tabular}{@{\extracolsep{5pt}} ccccccccccccccccccccccccccccccc} 
\\[-1.8ex]\hline 
\hline \\[-1.8ex] 
 & X 1 & X 2 & X 3 & X 4 & X 5 & X 6 & X 7 & X 8 & X 9 & X 10 & X 11 & X 12 & X 13 & X 14 & X 15 & X 16 & X 17 & X 18 & X 19 & X 20 & X 21 & X 22 & X 23 & X 24 & X 25 & X 26 & X 27 & X 28 & X 29 & X 30 \\ 
\hline \\[-1.8ex] 
X 1 & $1$ & $$-$0.119$ & $0.109$ & $$-$0.061$ & $$-$0.266$ & $$-$0.165$ & $$-$0.229$ & $0.006$ & $0.231$ & $$-$0.127$ & $0.295$ & $0.175$ & $0.082$ & $$-$0.044$ & $0.034$ & $$-$0.279$ & $$-$0.007$ & $0.175$ & $$-$0.139$ & $$-$0.029$ & $0.101$ & $0.059$ & $$-$0.025$ & $0.150$ & $0.071$ & $$-$0.075$ & $0.297$ & $$-$0.416$ & $0.162$ & $0.118$ \\ 
X 2 & $$-$0.119$ & $1$ & $0.087$ & $0.223$ & $$-$0.002$ & $0.093$ & $$-$0.094$ & $$-$0.066$ & $$-$0.169$ & $0.108$ & $$-$0.117$ & $$-$0.193$ & $$-$0.046$ & $$-$0.424$ & $0.353$ & $0.114$ & $$-$0.048$ & $$-$0.085$ & $0.061$ & $$-$0.449$ & $0.018$ & $0.281$ & $$-$0.027$ & $$-$0.057$ & $$-$0.181$ & $$-$0.280$ & $$-$0.123$ & $$-$0.464$ & $0.405$ & $$-$0.125$ \\ 
X 3 & $0.109$ & $0.087$ & $1$ & $0.159$ & $$-$0.075$ & $$-$0.057$ & $$-$0.212$ & $$-$0.163$ & $0.087$ & $0.253$ & $0.238$ & $0.099$ & $0.142$ & $0.143$ & $0.087$ & $0.219$ & $$-$0.028$ & $0.009$ & $$-$0.221$ & $$-$0.198$ & $$-$0.052$ & $0.297$ & $$-$0.200$ & $$-$0.112$ & $$-$0.005$ & $$-$0.043$ & $$-$0.107$ & $$-$0.205$ & $0.048$ & $$-$0.015$ \\ 
X 4 & $$-$0.061$ & $0.223$ & $0.159$ & $1$ & $$-$0.168$ & $0.036$ & $$-$0.264$ & $$-$0.208$ & $$-$0.080$ & $$-$0.019$ & $$-$0.139$ & $0.103$ & $0.085$ & $0.042$ & $$-$0.033$ & $0.248$ & $0.186$ & $$-$0.115$ & $0.340$ & $0.244$ & $0.059$ & $0.075$ & $0.114$ & $$-$0.138$ & $$-$0.253$ & $0.169$ & $$-$0.281$ & $0.015$ & $0.283$ & $$-$0.090$ \\ 
X 5 & $$-$0.266$ & $$-$0.002$ & $$-$0.075$ & $$-$0.168$ & $1$ & $$-$0.174$ & $0.057$ & $0.137$ & $$-$0.063$ & $0.395$ & $$-$0.407$ & $$-$0.105$ & $$-$0.039$ & $0.118$ & $0.116$ & $0.054$ & $0.203$ & $0.089$ & $0.302$ & $$-$0.052$ & $$-$0.195$ & $0.065$ & $0.015$ & $0.182$ & $0.175$ & $0.048$ & $$-$0.179$ & $$-$0.027$ & $$-$0.111$ & $$-$0.169$ \\ 
X 6 & $$-$0.165$ & $0.093$ & $$-$0.057$ & $0.036$ & $$-$0.174$ & $1$ & $0.076$ & $0.215$ & $$-$0.034$ & $$-$0.090$ & $0.026$ & $$-$0.080$ & $0.061$ & $0.019$ & $$-$0.167$ & $0.206$ & $$-$0.408$ & $0.080$ & $$-$0.233$ & $$-$0.243$ & $0.046$ & $0.218$ & $$-$0.055$ & $0.133$ & $$-$0.123$ & $0.036$ & $$-$0.276$ & $0.103$ & $$-$0.236$ & $0.218$ \\ 
X 7 & $$-$0.229$ & $$-$0.094$ & $$-$0.212$ & $$-$0.264$ & $0.057$ & $0.076$ & $1$ & $0.052$ & $$-$0.485$ & $$-$0.165$ & $0.221$ & $$-$0.112$ & $0.114$ & $$-$0.107$ & $$-$0.155$ & $$-$0.227$ & $$-$0.196$ & $0.207$ & $0.084$ & $$-$0.183$ & $$-$0.019$ & $$-$0.212$ & $$-$0.146$ & $$-$0.127$ & $0.353$ & $$-$0.140$ & $$-$0.021$ & $0.094$ & $$-$0.285$ & $0.095$ \\ 
X 8 & $0.006$ & $$-$0.066$ & $$-$0.163$ & $$-$0.208$ & $0.137$ & $0.215$ & $0.052$ & $1$ & $0.067$ & $0.011$ & $$-$0.413$ & $$-$0.178$ & $0.363$ & $0.018$ & $$-$0.062$ & $0.014$ & $0.008$ & $0.020$ & $$-$0.195$ & $$-$0.041$ & $$-$0.189$ & $0.296$ & $$-$0.143$ & $0.321$ & $$-$0.020$ & $$-$0.065$ & $0.072$ & $0.354$ & $$-$0.202$ & $$-$0.107$ \\ 
X 9 & $0.231$ & $$-$0.169$ & $0.087$ & $$-$0.080$ & $$-$0.063$ & $$-$0.034$ & $$-$0.485$ & $0.067$ & $1$ & $0.078$ & $0.113$ & $0.152$ & $0.025$ & $$-$0.103$ & $$-$0.039$ & $0.193$ & $0.234$ & $$-$0.105$ & $$-$0.092$ & $0.067$ & $$-$0.115$ & $0.011$ & $0.325$ & $0.264$ & $$-$0.090$ & $0.156$ & $0.266$ & $0.248$ & $$-$0.008$ & $0.116$ \\ 
X 10 & $$-$0.127$ & $0.108$ & $0.253$ & $$-$0.019$ & $0.395$ & $$-$0.090$ & $$-$0.165$ & $0.011$ & $0.078$ & $1$ & $$-$0.166$ & $$-$0.307$ & $0.100$ & $0.110$ & $$-$0.065$ & $$-$0.138$ & $$-$0.127$ & $$-$0.069$ & $$-$0.083$ & $$-$0.150$ & $$-$0.097$ & $$-$0.172$ & $$-$0.106$ & $0.247$ & $0.016$ & $$-$0.148$ & $$-$0.117$ & $$-$0.293$ & $$-$0.106$ & $$-$0.113$ \\ 
X 11 & $0.295$ & $$-$0.117$ & $0.238$ & $$-$0.139$ & $$-$0.407$ & $0.026$ & $0.221$ & $$-$0.413$ & $0.113$ & $$-$0.166$ & $1$ & $0.275$ & $$-$0.165$ & $$-$0.253$ & $$-$0.295$ & $$-$0.033$ & $$-$0.107$ & $0.318$ & $$-$0.113$ & $$-$0.061$ & $0.091$ & $$-$0.239$ & $0.076$ & $$-$0.112$ & $0.164$ & $$-$0.158$ & $0.429$ & $$-$0.141$ & $0.133$ & $0.269$ \\ 
X 12 & $0.175$ & $$-$0.193$ & $0.099$ & $0.103$ & $$-$0.105$ & $$-$0.080$ & $$-$0.112$ & $$-$0.178$ & $0.152$ & $$-$0.307$ & $0.275$ & $1$ & $0.112$ & $0.050$ & $$-$0.318$ & $$-$0.004$ & $0.302$ & $0.145$ & $0.061$ & $0.397$ & $$-$0.011$ & $0.188$ & $$-$0.016$ & $$-$0.124$ & $0.081$ & $0.059$ & $0.254$ & $0.014$ & $0.291$ & $0.001$ \\ 
X 13 & $0.082$ & $$-$0.046$ & $0.142$ & $0.085$ & $$-$0.039$ & $0.061$ & $0.114$ & $0.363$ & $0.025$ & $0.100$ & $$-$0.165$ & $0.112$ & $1$ & $0.098$ & $0.054$ & $$-$0.021$ & $$-$0.006$ & $0.124$ & $$-$0.208$ & $0.085$ & $$-$0.071$ & $0.283$ & $$-$0.285$ & $0.092$ & $0.178$ & $0.053$ & $$-$0.083$ & $0.027$ & $$-$0.154$ & $0.201$ \\ 
X 14 & $$-$0.044$ & $$-$0.424$ & $0.143$ & $0.042$ & $0.118$ & $0.019$ & $$-$0.107$ & $0.018$ & $$-$0.103$ & $0.110$ & $$-$0.253$ & $0.050$ & $0.098$ & $1$ & $$-$0.121$ & $0.269$ & $$-$0.192$ & $0.015$ & $$-$0.184$ & $0.308$ & $0.080$ & $$-$0.230$ & $$-$0.011$ & $$-$0.060$ & $0.002$ & $0.012$ & $$-$0.130$ & $0.231$ & $$-$0.246$ & $0.095$ \\ 
X 15 & $0.034$ & $0.353$ & $0.087$ & $$-$0.033$ & $0.116$ & $$-$0.167$ & $$-$0.155$ & $$-$0.062$ & $$-$0.039$ & $$-$0.065$ & $$-$0.295$ & $$-$0.318$ & $0.054$ & $$-$0.121$ & $1$ & $0.064$ & $0.120$ & $$-$0.212$ & $$-$0.020$ & $$-$0.311$ & $0.182$ & $0.390$ & $$-$0.153$ & $$-$0.058$ & $$-$0.090$ & $0.142$ & $$-$0.133$ & $$-$0.142$ & $0.260$ & $$-$0.084$ \\ 
X 16 & $$-$0.279$ & $0.114$ & $0.219$ & $0.248$ & $0.054$ & $0.206$ & $$-$0.227$ & $0.014$ & $0.193$ & $$-$0.138$ & $$-$0.033$ & $$-$0.004$ & $$-$0.021$ & $0.269$ & $0.064$ & $1$ & $0.076$ & $0.191$ & $0.113$ & $0.110$ & $$-$0.059$ & $0.199$ & $0.041$ & $$-$0.074$ & $$-$0.238$ & $0.038$ & $$-$0.295$ & $0.224$ & $$-$0.128$ & $$-$0.132$ \\ 
X 17 & $$-$0.007$ & $$-$0.048$ & $$-$0.028$ & $0.186$ & $0.203$ & $$-$0.408$ & $$-$0.196$ & $0.008$ & $0.234$ & $$-$0.127$ & $$-$0.107$ & $0.302$ & $$-$0.006$ & $$-$0.192$ & $0.120$ & $0.076$ & $1$ & $$-$0.276$ & $0.295$ & $0.424$ & $0.116$ & $0.062$ & $$-$0.037$ & $0.325$ & $0.145$ & $0.321$ & $$-$0.016$ & $0.140$ & $0.166$ & $$-$0.179$ \\ 
X 18 & $0.175$ & $$-$0.085$ & $0.009$ & $$-$0.115$ & $0.089$ & $0.080$ & $0.207$ & $0.020$ & $$-$0.105$ & $$-$0.069$ & $0.318$ & $0.145$ & $0.124$ & $0.015$ & $$-$0.212$ & $0.191$ & $$-$0.276$ & $1$ & $0.134$ & $$-$0.080$ & $0.169$ & $$-$0.100$ & $$-$0.118$ & $$-$0.174$ & $0.265$ & $$-$0.159$ & $$-$0.101$ & $$-$0.171$ & $$-$0.177$ & $0.227$ \\ 
X 19 & $$-$0.139$ & $0.061$ & $$-$0.221$ & $0.340$ & $0.302$ & $$-$0.233$ & $0.084$ & $$-$0.195$ & $$-$0.092$ & $$-$0.083$ & $$-$0.113$ & $0.061$ & $$-$0.208$ & $$-$0.184$ & $$-$0.020$ & $0.113$ & $0.295$ & $0.134$ & $1$ & $0.102$ & $0.053$ & $$-$0.127$ & $0.089$ & $$-$0.172$ & $$-$0.044$ & $0.155$ & $$-$0.143$ & $0.031$ & $$-$0.041$ & $$-$0.239$ \\ 
X 20 & $$-$0.029$ & $$-$0.449$ & $$-$0.198$ & $0.244$ & $$-$0.052$ & $$-$0.243$ & $$-$0.183$ & $$-$0.041$ & $0.067$ & $$-$0.150$ & $$-$0.061$ & $0.397$ & $0.085$ & $0.308$ & $$-$0.311$ & $0.110$ & $0.424$ & $$-$0.080$ & $0.102$ & $1$ & $$-$0.242$ & $$-$0.287$ & $0.268$ & $0.096$ & $0.078$ & $0.184$ & $0.070$ & $0.308$ & $$-$0.074$ & $0.111$ \\ 
X 21 & $0.101$ & $0.018$ & $$-$0.052$ & $0.059$ & $$-$0.195$ & $0.046$ & $$-$0.019$ & $$-$0.189$ & $$-$0.115$ & $$-$0.097$ & $0.091$ & $$-$0.011$ & $$-$0.071$ & $0.080$ & $0.182$ & $$-$0.059$ & $0.116$ & $0.169$ & $0.053$ & $$-$0.242$ & $1$ & $$-$0.157$ & $$-$0.184$ & $$-$0.172$ & $$-$0.031$ & $$-$0.144$ & $$-$0.321$ & $$-$0.191$ & $0.009$ & $0.307$ \\ 
X 22 & $0.059$ & $0.281$ & $0.297$ & $0.075$ & $0.065$ & $0.218$ & $$-$0.212$ & $0.296$ & $0.011$ & $$-$0.172$ & $$-$0.239$ & $0.188$ & $0.283$ & $$-$0.230$ & $0.390$ & $0.199$ & $0.062$ & $$-$0.100$ & $$-$0.127$ & $$-$0.287$ & $$-$0.157$ & $1$ & $$-$0.286$ & $0.025$ & $$-$0.217$ & $0.059$ & $$-$0.063$ & $$-$0.075$ & $0.286$ & $$-$0.344$ \\ 
X 23 & $$-$0.025$ & $$-$0.027$ & $$-$0.200$ & $0.114$ & $0.015$ & $$-$0.055$ & $$-$0.146$ & $$-$0.143$ & $0.325$ & $$-$0.106$ & $0.076$ & $$-$0.016$ & $$-$0.285$ & $$-$0.011$ & $$-$0.153$ & $0.041$ & $$-$0.037$ & $$-$0.118$ & $0.089$ & $0.268$ & $$-$0.184$ & $$-$0.286$ & $1$ & $$-$0.204$ & $$-$0.173$ & $$-$0.185$ & $0.058$ & $0.193$ & $0.020$ & $0.468$ \\ 
X 24 & $0.150$ & $$-$0.057$ & $$-$0.112$ & $$-$0.138$ & $0.182$ & $0.133$ & $$-$0.127$ & $0.321$ & $0.264$ & $0.247$ & $$-$0.112$ & $$-$0.124$ & $0.092$ & $$-$0.060$ & $$-$0.058$ & $$-$0.074$ & $0.325$ & $$-$0.174$ & $$-$0.172$ & $0.096$ & $$-$0.172$ & $0.025$ & $$-$0.204$ & $1$ & $0.191$ & $$-$0.020$ & $0.105$ & $0.070$ & $$-$0.288$ & $$-$0.127$ \\ 
X 25 & $0.071$ & $$-$0.181$ & $$-$0.005$ & $$-$0.253$ & $0.175$ & $$-$0.123$ & $0.353$ & $$-$0.020$ & $$-$0.090$ & $0.016$ & $0.164$ & $0.081$ & $0.178$ & $0.002$ & $$-$0.090$ & $$-$0.238$ & $0.145$ & $0.265$ & $$-$0.044$ & $0.078$ & $$-$0.031$ & $$-$0.217$ & $$-$0.173$ & $0.191$ & $1$ & $0.096$ & $$-$0.089$ & $0.063$ & $$-$0.026$ & $0.252$ \\ 
X 26 & $$-$0.075$ & $$-$0.280$ & $$-$0.043$ & $0.169$ & $0.048$ & $0.036$ & $$-$0.140$ & $$-$0.065$ & $0.156$ & $$-$0.148$ & $$-$0.158$ & $0.059$ & $0.053$ & $0.012$ & $0.142$ & $0.038$ & $0.321$ & $$-$0.159$ & $0.155$ & $0.184$ & $$-$0.144$ & $0.059$ & $$-$0.185$ & $$-$0.020$ & $0.096$ & $1$ & $0.015$ & $0.265$ & $0.204$ & $$-$0.194$ \\ 
X 27 & $0.297$ & $$-$0.123$ & $$-$0.107$ & $$-$0.281$ & $$-$0.179$ & $$-$0.276$ & $$-$0.021$ & $0.072$ & $0.266$ & $$-$0.117$ & $0.429$ & $0.254$ & $$-$0.083$ & $$-$0.130$ & $$-$0.133$ & $$-$0.295$ & $$-$0.016$ & $$-$0.101$ & $$-$0.143$ & $0.070$ & $$-$0.321$ & $$-$0.063$ & $0.058$ & $0.105$ & $$-$0.089$ & $0.015$ & $1$ & $0.128$ & $0.369$ & $$-$0.183$ \\ 
X 28 & $$-$0.416$ & $$-$0.464$ & $$-$0.205$ & $0.015$ & $$-$0.027$ & $0.103$ & $0.094$ & $0.354$ & $0.248$ & $$-$0.293$ & $$-$0.141$ & $0.014$ & $0.027$ & $0.231$ & $$-$0.142$ & $0.224$ & $0.140$ & $$-$0.171$ & $0.031$ & $0.308$ & $$-$0.191$ & $$-$0.075$ & $0.193$ & $0.070$ & $0.063$ & $0.265$ & $0.128$ & $1$ & $$-$0.220$ & $0.067$ \\ 
X 29 & $0.162$ & $0.405$ & $0.048$ & $0.283$ & $$-$0.111$ & $$-$0.236$ & $$-$0.285$ & $$-$0.202$ & $$-$0.008$ & $$-$0.106$ & $0.133$ & $0.291$ & $$-$0.154$ & $$-$0.246$ & $0.260$ & $$-$0.128$ & $0.166$ & $$-$0.177$ & $$-$0.041$ & $$-$0.074$ & $0.009$ & $0.286$ & $0.020$ & $$-$0.288$ & $$-$0.026$ & $0.204$ & $0.369$ & $$-$0.220$ & $1$ & $$-$0.200$ \\ 
X 30 & $0.118$ & $$-$0.125$ & $$-$0.015$ & $$-$0.090$ & $$-$0.169$ & $0.218$ & $0.095$ & $$-$0.107$ & $0.116$ & $$-$0.113$ & $0.269$ & $0.001$ & $0.201$ & $0.095$ & $$-$0.084$ & $$-$0.132$ & $$-$0.179$ & $0.227$ & $$-$0.239$ & $0.111$ & $0.307$ & $$-$0.344$ & $0.468$ & $$-$0.127$ & $0.252$ & $$-$0.194$ & $$-$0.183$ & $0.067$ & $$-$0.200$ & $1$ \\ 
\hline \\[-1.8ex] 
\end{tabular} 
\end{table} 
